proc_noise_std: [[0.08063129 0.09737589]]
obs_noise_std: [[0.06255122 0.62581151 0.19612635 0.88266042 0.2316747 ]]
Y_orig: [[10.15496457 10.23425133 14.26317406 14.50897359 14.24844325]
 [10.09810167  9.91610441 14.03954892 14.46904721 14.46132778]
 [ 9.86736872  9.94113907 14.0482431  14.81321822 14.22532302]
 [ 9.76692453 10.26758804 14.25130792 14.99715361 13.9487844 ]
 [ 9.52757742 10.0989828  14.04103772 14.79402931 13.85227277]
 [ 9.58191793  9.91123287 13.34177492 14.15096353 13.88186192]
 [ 9.18590448  9.71749159 13.4270002  14.01274938 13.82975756]
 [ 9.1566339   9.29804149 13.46594788 13.92142597 13.67822336]
 [ 9.06263016  9.23020105 13.17725394 13.55394954 13.31738236]
 [ 9.07718257  8.93043137 12.78370083 13.28613264 13.16845574]
 [ 9.19181246  8.72404191 12.77614005 12.82502789 13.10121812]
 [ 9.2785267   8.54435942 12.55775571 12.87114128 13.00186619]
 [ 9.11515487  8.74762136 12.59549469 13.02697027 12.85104435]
 [ 8.99581136  8.63861459 12.90845698 12.7954945  12.69460194]
 [ 9.15853061  8.76522525 12.79605204 12.94995227 12.56182915]
 [ 9.15510973  8.57407223 12.9235173  12.67462042 12.34815127]
 [ 9.1222104   8.32427405 12.52741123 12.33628807 12.03606373]
 [ 9.0720624   8.19010227 12.20056744 12.07640594 11.49876811]
 [ 8.90343752  7.87918068 12.2659173  12.02934642 11.48467575]
 [ 8.84241313  7.73275491 12.06293197 11.84838337 11.29126065]]
